1428.791120
1351.847699
1384.869321
1408.308398
1401.630123
1423.596855
1234.434761
1415.163415
1389.062396
1404.906079
1399.912687
1341.677958
1377.400710
1469.163564
1430.413678
1477.677573
1408.725721
1452.191441
1377.711681
1385.949101
1461.940738
1463.844418
1385.325805
1447.832069
1347.386113
1316.121455
1354.725482
1385.512719
1392.516230
1481.334490
1378.107730
1397.296192
1424.112604
1342.118804
1404.606001
1389.679304
1402.783918
1345.612531
1400.996263
1369.170825
1243.699454
1209.460626
1278.672780
1373.578330
1319.103940
1422.535678
1367.977934
1326.904663
1265.209961
1310.341786
1436.763864
1354.009437
1359.918501
1300.317450
1448.705969
1458.696200
1482.252089
1297.346505
1485.412550
1302.036025
1361.933080
1403.706499
1461.226489
1337.808037
1420.522637
1375.295531
1256.583422
1456.230122
1317.277030
1404.533902
1402.770360
1260.261885
1277.510347
1368.407601
1389.746598
1351.721466
1326.615046
1341.813378
1426.872995
1347.155305
1333.722282
1360.380179
1419.610829
1388.996589
1446.743345
1391.752390
1407.852259
1269.358373
1267.381077
1306.317312
1352.343991
1346.231817
1398.203420
1392.248724
1368.787511
1405.157209
1358.479256
1311.117739
1312.631437
1341.664494
