2.500003
2.499997
2.500001
2.499998
2.499997
2.499997
2.499994
2.499998
2.500002
2.500001
2.499997
2.499999
2.500004
2.499998
2.499999
2.500000
2.499998
2.500001
2.499996
2.499999
2.500001
2.499998
2.500003
2.500001
2.499999
2.500003
2.500003
2.499998
2.499999
2.499995
2.500004
2.500004
2.499997
2.500003
2.499998
2.500001
2.500000
2.500003
2.499999
2.499996
2.500000
2.499999
2.500004
2.500002
2.499996
2.500001
2.500002
2.499998
2.499999
2.499997
2.499998
2.500001
2.500002
2.500001
2.500000
2.500003
2.499999
2.500004
2.500002
2.500000
2.499998
2.500000
2.499997
2.499994
2.500001
2.500005
2.500000
2.499998
2.500007
2.499998
2.500005
2.500003
2.499998
2.499996
2.499999
2.500002
2.500004
2.499997
2.499997
2.500001
2.500001
2.500001
2.499998
2.499999
2.500000
2.500002
2.499998
2.500000
2.499994
2.499998
2.499999
2.500004
2.500006
2.500001
2.500001
2.500000
2.499995
2.500004
2.500003
2.500000
