2.500000000000005329e+00
2.500000000000006217e+00
2.500000000000006217e+00
2.500000000000003997e+00
2.500000000000005773e+00
2.500000000000003109e+00
2.500000000000003553e+00
2.500000000000004885e+00
2.500000000000003109e+00
2.500000000000005773e+00
2.500000000000004441e+00
2.500000000000003997e+00
2.500000000000004441e+00
2.500000000000002665e+00
2.500000000000006217e+00
2.500000000000003997e+00
2.500000000000003553e+00
2.500000000000005329e+00
2.500000000000004441e+00
2.500000000000003997e+00
2.500000000000003553e+00
2.500000000000003997e+00
2.500000000000005773e+00
2.500000000000005329e+00
2.500000000000003997e+00
2.500000000000003997e+00
2.500000000000004885e+00
2.500000000000005329e+00
2.500000000000003997e+00
2.500000000000003997e+00
2.500000000000003997e+00
2.500000000000003997e+00
2.500000000000006217e+00
2.500000000000003109e+00
2.500000000000004441e+00
2.500000000000003109e+00
2.500000000000004441e+00
2.500000000000004441e+00
2.500000000000004885e+00
2.500000000000005329e+00
2.500000000000003553e+00
2.500000000000004885e+00
2.500000000000003553e+00
2.500000000000005329e+00
2.500000000000003553e+00
2.500000000000004441e+00
2.500000000000004441e+00
2.500000000000004441e+00
2.500000000000003997e+00
2.500000000000005773e+00
2.500000000000003997e+00
2.500000000000006217e+00
2.500000000000003553e+00
2.500000000000004441e+00
2.500000000000003997e+00
2.500000000000003997e+00
2.500000000000004441e+00
2.500000000000004441e+00
2.500000000000004441e+00
2.500000000000005329e+00
2.500000000000004885e+00
2.500000000000003553e+00
2.500000000000003997e+00
2.500000000000003997e+00
2.500000000000004885e+00
2.500000000000003553e+00
2.500000000000003997e+00
2.500000000000005329e+00
2.500000000000004441e+00
2.500000000000003997e+00
2.500000000000004441e+00
2.500000000000004441e+00
2.500000000000004885e+00
2.500000000000004441e+00
2.500000000000004441e+00
2.500000000000004885e+00
2.500000000000005773e+00
2.500000000000003997e+00
2.500000000000003997e+00
2.500000000000003997e+00
2.500000000000004441e+00
2.500000000000003997e+00
2.500000000000004441e+00
2.500000000000004441e+00
2.500000000000004885e+00
2.500000000000005329e+00
2.500000000000003553e+00
2.500000000000003997e+00
2.500000000000005773e+00
2.500000000000003997e+00
2.500000000000003997e+00
2.500000000000004885e+00
2.500000000000004441e+00
2.500000000000004885e+00
2.500000000000004885e+00
2.500000000000005329e+00
2.500000000000004441e+00
2.500000000000004441e+00
2.500000000000004885e+00
2.500000000000004885e+00
