2.484996957915234077e+02
2.428421884293246080e+02
2.245473377150113947e+02
2.593851514242594476e+02
2.597597005307334825e+02
2.554382959282295928e+02
2.726056045175180884e+02
2.619608732740300638e+02
2.565573665915947572e+02
2.383695115384637973e+02
2.641400638863525501e+02
2.510467986345058478e+02
2.596296819595373790e+02
2.503114958080337829e+02
2.633377166992979141e+02
2.551561977708076085e+02
2.416341387974371742e+02
2.681380320646999849e+02
2.422514375974724032e+02
2.573046638949865041e+02
2.411944069457321405e+02
2.646651902211508514e+02
2.619425036857174405e+02
2.795922391421146358e+02
2.646160289505636456e+02
2.520376009708345180e+02
2.643797422079691728e+02
2.303425661770860700e+02
2.403991492232761118e+02
2.602118084155748079e+02
2.680123093813008381e+02
2.696357529939967890e+02
2.710671469558774334e+02
2.480460397216248225e+02
2.394653735345222572e+02
2.661586903862254871e+02
2.285847425814921507e+02
2.409553431173793001e+02
2.532802950152300809e+02
2.564396551089827767e+02
2.374623010605135391e+02
2.334295969313056673e+02
2.479799151761425833e+02
2.708930078321032511e+02
2.631877527759501163e+02
2.529630299903542152e+02
2.667567191852777455e+02
2.675751431209084217e+02
2.535043583622140204e+02
2.446833382294821604e+02
2.606804558307060802e+02
2.695447931630963012e+02
2.687279298253193929e+02
2.297050805954883685e+02
2.312654268124431383e+02
2.440759375269242639e+02
2.603926957312809236e+02
2.569616881000943067e+02
2.503030493419002198e+02
2.310384558968094098e+02
2.744135054932750108e+02
2.367072164979106219e+02
2.409503745990059542e+02
2.513104423058334191e+02
2.756671692809164256e+02
2.449255088930087254e+02
2.338146149532183244e+02
2.591579355203312502e+02
2.596809004846091966e+02
2.800669403557645296e+02
2.549184901410677924e+02
2.337427690688134589e+02
2.376862492574949215e+02
2.492383619542437145e+02
2.520051084084683737e+02
2.606843767556825355e+02
2.556408212999535579e+02
2.632485597844095082e+02
2.682175221827959035e+02
2.319094677820033610e+02
2.927372259782573565e+02
2.353805082448923827e+02
2.524061805955009277e+02
2.801573020641366156e+02
2.635369264984164488e+02
2.665389718072803475e+02
2.606316744403674193e+02
2.558385494070126924e+02
2.547922637243478903e+02
2.653091055044996551e+02
2.719478053851034929e+02
2.586619986698770504e+02
2.615591477415886743e+02
2.686622360453798706e+02
2.392836928425878966e+02
2.476880981319151545e+02
2.477113024893053250e+02
2.576148512421108876e+02
2.483727222454631942e+02
2.067332276108964493e+02
